100
0.031329832958289 -0.21009479670754502 -0.02572066889881338 -0.6658844566473165 -0.16658666330320673 -0.31473719429850716 -0.3374537191810584 0.10626769988548869 0.047098969250392156 -0.02203534448150319 -0.2012501031102871 -0.4627301624931722 0.036582641123242596 -0.01317326198689115
0.05004580345655841 -0.20863856566084066 -0.025758416959431703 -0.6788845692768771 -0.1686430000608237 -0.2465989830832981 -0.3696528287466158 0.08873331714874647 0.04289187320701405 -0.022393022171285176 -0.20270270454664013 -0.46229644258587754 0.03622356491985498 -0.013768899240241625
0.04334226454831851 -0.20856963064706208 -0.02619578500504633 -0.6500715094731581 -0.13868747626873404 -0.27984821662081155 -0.34073834059745417 0.11785909693739513 0.23975332904859875 -0.022529003905252983 -0.17938348610014626 -0.4602368449101977 0.040233958423658976 -0.01392738581236495
0.006883063891478016 -0.21785982062790302 -0.027144071499932115 -0.6544134635957609 -0.13996975513846585 -0.2678288085510449 -0.3559681319345668 0.11772877806730746 0.047582657286820394 -0.025584292470526668 -0.2145434798169576 -0.4909477701306272 0.04017751251357396 -0.002691712684156416
0.024391650647283963 -0.23011773387426954 -0.02634327978468223 -0.6702642715348271 -0.13491500219019092 -0.28346715041132137 -0.3288088159959141 0.10223273498998527 0.1477164562230061 -0.022515214680074048 -0.19481432238688456 -0.4663037080782726 0.03939601191805859 -0.010457563294341544
0.058192356189179034 -0.21523398888865533 -0.026441340370969263 -0.6722895736949185 -0.15318113829611307 -0.25494531417620275 -0.34779295513186476 0.11596903143768017 0.141510754969158 -0.022688848960485952 -0.19054772354090319 -0.4649498294212368 0.03905905588303788 -0.013884083536624629
0.02180129829914549 -0.21034804106774035 -0.026870659677997816 -0.6884675450552816 -0.06603516059516532 -0.27232083385182565 -0.34015147759196523 0.09293283178788633 0.05127316541805679 -0.022889726378444646 -0.2037613439440215 -0.48097956780675627 0.038636364453964865 -0.014294001938870942
0.0733717086535841 -0.21029663199732207 -0.02650852201481197 -0.6606831605673411 -0.16943672387996422 -0.28857579581991566 -0.348698680931923 0.10745088151242493 0.05159623421281455 -0.022316510838852437 -0.19864410625689624 -0.4730907469619817 0.03789525342739884 -0.013969219896073371
0.07158756025346369 -0.210893756120232 -0.02599515077800903 -0.6287330915347192 -0.16287153309962385 -0.2643407787275133 -0.3536793923841648 0.11317257447620326 0.09930386387050179 -0.02234551346942173 -0.19850352361614093 -0.518421658648337 0.03744837508573682 -0.013785630064813781
0.23951643838837822 -0.20505376908175874 -0.02528819856653191 -0.61825429790479 -0.17083751895986618 -0.2931898484688414 -0.33650659714910625 0.10841162449120896 0.056545782147168974 -0.022346539258049962 -0.19386984039331104 -0.4844613903648848 0.03747761095849535 -0.013480500598231856
0.07137094710129677 -0.2265243456817206 -0.02757040241558374 -0.6658615844595217 -0.17913268968775387 -0.28318925734616335 -0.3607242194750269 0.12071392257411052 0.07443322891056485 -0.023160900488652884 -0.21822726936828538 -0.4324032598162549 0.03992244945928755 -0.014710109479705991
-0.017825092210778812 -0.23016136810901852 -0.026216702828437927 -0.6660372341449625 -0.15552318616111233 -0.26429462662246295 -0.35240297055884073 0.10985452428698556 0.12645224790104487 -0.022354312460807338 -0.19071843972246394 -0.46669425921453694 0.03809041067364523 0.001515314780325105
0.04024900814922349 -0.2279656098071584 -0.025683293398705252 -0.6511578930822546 -0.1529353664981836 -0.2639041017085672 -0.37218105602823504 0.11908593416751728 0.148053740677985 -0.026301803375615086 -0.19599869876303855 -0.46209823520209947 0.036938302779432636 -0.009179504467521311
0.0329290892158958 -0.21452303430969102 -0.02621062343770878 -0.6442366033703847 -0.1672624926784743 -0.26497135417418305 -0.3730144051958175 0.11763971580903 0.07151637005385443 -0.0232357759314878 -0.2047128181713176 -0.4866392439242624 0.03785860697946356 -0.013765081894813378
0.03761143846456948 -0.23260993222031925 -0.026307158421790766 -0.6847634811437914 -0.16565381967261542 -0.272048690895069 -0.3344689914507067 0.09029925161054325 0.0536522637199677 -0.022552080512271994 -0.1966021428296157 -0.45773934467543703 0.0405779156777671 -0.014082931364259052
0.03819526885623131 -0.22680730665616233 -0.026412598115417314 -0.7026399931212354 -0.1660459545460792 -0.16642430997017152 -0.34334141236570315 0.11632880668957571 0.052099169612806154 -0.022645302100310235 -0.2070775400141684 -0.4663937294049903 0.04662237884837503 -0.014489904514668245
0.044457998925341455 -0.16466772616663117 -0.025210463937711418 -0.6446110476207971 -0.14425323369708598 -0.40370504571443405 -0.3444965496779596 0.05015412833526941 0.048775797194481274 -0.021517488353344005 -0.19163207549892206 -0.45672762526314237 0.03620372196499807 -0.017123701931360223
0.0557375182914941 -0.20554569801528896 -0.026541728883258436 -0.6676584240888864 -0.1535256756481916 -0.2574045518264218 -0.3450451314777921 0.12505188813586549 0.05362044187468469 -0.03238355818903216 -0.2045572786209848 -0.48604831607350385 0.037998441724409596 -0.014011873181862733
0.04657534677983399 -0.21121891273163038 -0.025858532948363124 -0.6685190889014434 -0.16696664937045816 -0.24935877855889602 -0.3751848300755681 0.11606205007742579 0.04961737861631189 -0.022226508805886357 -0.20059539510849628 -0.46545535611794403 0.03651915671137541 -0.012743686773474143
0.052003555112670394 -0.20219785696622403 -0.02532238601662748 -0.6560601885484496 -0.16458908461808452 -0.2885659348445106 -0.38133534359505233 0.1338466855785416 0.10573936892281047 -0.025895853400948375 -0.20756829094535764 -0.44192654813043497 0.0355177763126554 -0.012939338185283054
0.01445370314977056 -0.2147547274077226 -0.02645818074906266 -0.6775575863533955 -0.18809308601087038 -0.26060494717696886 -0.32411960028271225 0.12226592021657033 0.06935653322925199 -0.027329285854496635 -0.20334477075797708 -0.4711320082240932 0.039029199808409284 -0.013992832565558777
0.03783925713584753 -0.20477779950865313 -0.025042850146351887 -0.6535797565041003 -0.16200215262687037 -0.2934856127432508 -0.31368441102077926 0.11677696897801446 0.08633513257551748 -0.022228253833948747 -0.2124208084517063 -0.49921210054760073 0.044337008122084194 -0.01335614380133835
-0.09326283801133897 -0.20972758690180285 -0.025825116004641963 -0.6616679830040397 -0.1725343585198846 -0.3143474392968105 -0.3378112089744624 0.11436166438720688 0.07222068082696753 -0.021206326704033867 -0.21147303120254599 -0.44854568101920406 0.03605959354586279 -0.013696902260864306
0.036558420438989415 -0.21790927479594135 -0.02637404895428156 -0.6731012268516925 -0.17832454675373807 -0.2980909477460781 -0.3532914935836861 0.13288524323370532 0.04720658783392275 -0.022280683071548412 -0.21455230975523767 -0.4287647309098049 0.03849922091312885 -0.014421668316228882
0.0696689765370289 -0.21944215762726837 -0.02703822972605587 -0.6645262716959005 -0.17754039594997673 -0.29298277623145774 -0.3381482761990454 0.12215199937356858 0.06957517877408077 -0.023243081357470746 -0.2196859291058118 -0.44979067357302654 0.04334753949850043 -0.014379204439605421
0.09972810130852652 -0.20462964133189193 -0.02583869479559062 -0.6319615825863223 -0.1492074697072557 -0.28547223968389074 -0.33606151174821364 0.11190450131642864 0.16785836050584219 -0.021986204122166977 -0.18443284328856197 -0.5045419961775729 0.03866087795900733 -0.013715848706938661
0.1270267566155498 -0.19544362014005634 -0.024217717155638956 -0.6083569751787119 -0.1613987657490846 -0.41194704866099613 -0.3399465541727052 0.10909373546243621 0.08699644550274728 -0.020692479134468617 -0.18151294864318931 -0.45757779461257514 0.035684472742042686 -0.01311188831595462
0.006630850631817407 -0.21254263598359305 -0.026517364646940312 -0.65062299552018 -0.12910606220369203 -0.27913922130727603 -0.35144660244367437 0.11730965857676809 0.0774239537595084 -0.022592414833252916 -0.21070766672797483 -0.49635092378712603 0.03796698743170552 -0.01401848517227725
0.0624851212382028 -0.2322759770079363 -0.026222240922024916 -0.6519317129973223 -0.1698511682025927 -0.28087255304490477 -0.33364051925789295 0.10153534566183729 0.043900920309590606 -0.022174247583005294 -0.2023850013016841 -0.4919328300651276 0.038778503166305406 -0.014011583767638449
0.08327860489924067 -0.21512755897808444 -0.0264718229746449 -0.6180540200377205 -0.1627379556774192 -0.27364804018664457 -0.3511406288580294 0.12422729915671361 0.12515039843476225 -0.022584365943541136 -0.19972980741927748 -0.5159975751608386 0.03846761285584906 -0.014010582973319701
0.06929791824520369 -0.22493858962075308 -0.02756269285335347 -0.6495891928823502 -0.18085813707639423 -0.2678810753100903 -0.3630829408254074 0.12084353353124894 0.06021544456999321 -0.025908722391817476 -0.21313271378276047 -0.4683315772970712 0.04121013870765506 -0.014725248305171884
0.06707985497756391 -0.22288989438778734 -0.02749854170977765 -0.631962083743137 -0.18221593808416975 -0.2520011261722131 -0.3647019071149415 0.12072593581696256 0.045852714070329 -0.028607687891549338 -0.20759404269609588 -0.5033558157299148 0.0424154195632078 -0.014710262807593025
-0.021840055206623514 -0.21899471809852306 -0.026631151082554795 -0.6948162345363842 -0.17449661605016073 -0.3546727119841331 -0.36823717214189766 0.09241369513261273 0.04440751457844373 -0.022644603079012723 -0.21507456717936457 -0.3423416717670641 0.0395782946871754 -0.014094797987615074
0.04157568054628081 -0.1997050869198457 -0.02533116360429053 -0.6766325093816252 -0.1632106117208593 -0.32922490130522897 -0.32856211045615535 0.08507023144991216 0.030035019116077914 -0.021720416854498242 -0.19833160100750039 -0.4553459324658587 0.038241037587913466 -0.013703222646943729
0.011663874549836478 -0.21435835060800776 -0.02625422134805236 -0.6681089879278599 -0.16546725980061372 -0.25263085798101215 -0.3501767929205526 0.1228531854469794 0.09272134537184482 -0.023042071274633927 -0.20834898159090273 -0.4730021624042734 0.03841118994620719 -0.013897607830849265
0.028039716077416846 -0.210833053303671 -0.02580690570863531 -0.6436644382916173 -0.167951455425405 -0.2569796789191844 -0.3986339608263522 0.11656504175523578 0.04784097107311157 -0.024077230592238288 -0.20421037680794427 -0.47637860529911336 0.03692143202276739 -0.013434460964789324
0.11376567478329076 -0.20829514149016187 -0.02560070362560086 -0.6177224572046474 -0.18089862544046273 -0.3359123403302868 -0.33435919604033676 0.12556873498028512 0.06569413783406082 -0.024043353610624027 -0.19752639803182992 -0.4927981308658898 0.03688479587167245 -0.013715552794890302
0.10416219814805976 -0.23425711536665336 -0.02907031282218692 -0.6727080014797351 -0.1935541298917033 -0.2907480172889166 -0.3630239088290847 0.12734251066845206 0.05080217484551479 -0.024222034961714104 -0.22638802097452732 -0.3930275316881739 0.042013746529261466 -0.015418116757550523
0.045726699426971655 -0.18923582300651012 -0.025646250476162476 -0.6595200194938207 -0.15650203371217017 -0.32613162884198904 -0.361657999544812 0.08418943942698803 0.049407318900551785 -0.021969452823289798 -0.19701686431058807 -0.4630760011843179 0.03651374311844852 -0.014945520751656416
0.029309225077478306 -0.25049831784766696 -0.026142754964628548 -0.6636082497660611 -0.1442517969786897 -0.28842496029131565 -0.32053662531819327 0.10035567311721094 0.15400785246883722 -0.022247575033847514 -0.19307808649481348 -0.46421780921718336 0.038600296505184595 -0.006245266381917303
0.21574256407277662 -0.2144700641293226 -0.026146087360046314 -0.644915622954739 -0.16284945466759687 -0.2575125556433633 -0.3267464289281344 0.10244835526053013 0.08111559552238726 -0.022363162560642635 -0.1955737132173573 -0.48331152866464916 0.04065035903257763 -0.013963878544856645
0.018522827155030553 -0.2172656303679379 -0.026216200530638237 -0.6756761665163714 -0.16822196213872403 -0.3327280699182444 -0.3515824260137192 0.12345565239604345 0.04442403417154261 -0.022338917933627776 -0.20563106071974244 -0.4134022799506724 0.03877997183415759 -0.014383867206693749
-0.0030215090563367546 -0.21360042159323916 -0.026347981473074197 -0.6713147353773322 -0.1555283867210907 -0.2843526339510405 -0.341838834208645 -0.055886255042697223 0.14862352371331206 -0.022500897952973754 -0.19753957921497828 -0.46318078240813826 0.040463662763183625 -0.013950124245954125
0.0557375182914941 -0.20554569801528896 -0.026541728883258436 -0.6676584240888864 -0.1535256756481916 -0.2574045518264218 -0.3450451314777921 0.12505188813586549 0.05362044187468469 -0.03238355818903216 -0.2045572786209848 -0.48604831607350385 0.037998441724409596 -0.014011873181862733
0.04600651931233594 -0.19928684873994032 -0.026226056543651843 -0.6596691123649936 -0.17022959649669442 -0.33056786213666894 -0.3425070796668239 0.09230678679997743 0.05418498050014594 -0.022045523571203963 -0.1938192630017163 -0.4643288976651577 0.03808127328485578 -0.013881866724479304
0.033859536636410066 -0.21374656336170586 -0.025888113122803667 -0.6590369895106304 -0.16294262114571037 -0.2808051653081101 -0.3410539187477183 0.13693033568470392 0.0681297505548135 -0.022414442400778733 -0.2013681070229473 -0.4737322825367742 0.08590425639066179 -0.014193592348127967
0.05591013054896016 -0.21392267855658148 -0.025620967592033382 -0.6524812938566343 -0.16104353170512145 -0.30966374789949636 -0.33328684745587717 0.15133706574207764 0.04408464376275345 -0.021876258141620412 -0.19520704073197362 -0.47618339799374676 0.03772789484221925 -0.01453782153134154
0.008415908825461603 -0.21130609045384915 -0.02626481821292119 -0.6980138458591376 -0.11910977060434244 -0.2745837640532654 -0.3183004440298868 0.095331395194558 0.09203019442918124 -0.022501455489586306 -0.2016319785667443 -0.46476043479023676 0.03938640413847865 -0.01393674533578725
0.10059006522315898 -0.22070102107482842 -0.026711650290916093 -0.6597033605681923 -0.16812963326254549 -0.24559670039938203 -0.35385344102716293 0.12231170397715845 0.0488444754198596 -0.022520798001282823 -0.20288184124152586 -0.48044686987066776 0.037594202711640004 -0.014014596348904214
0.043971257121716296 -0.21856034673072125 -0.026506639138176694 -0.6989382935434107 -0.16939491598551856 -0.2511166858002188 -0.31926602149857 0.08019821702812137 0.02203728348764207 -0.02302703120661782 -0.19772206518906824 -0.46768669717584394 0.043817839900731466 -0.014249155628090962
0.03880043964133651 -0.21080283954626677 -0.02580747015866907 -0.6676751705445281 -0.16689830761615237 -0.283040231511363 -0.3561393622185934 0.11113229832058927 0.048364758301054404 -0.02214539286991687 -0.20108256063015434 -0.46441141220132726 0.036579308492508414 -0.012973395912668587
0.09120026550699742 -0.21252520989527218 -0.0263324067194432 -0.6585497155540122 -0.18968723670538784 -0.2593340885989773 -0.3259114663811531 0.1261697127431302 0.059931530830418946 -0.027577362513512126 -0.20088310560191255 -0.4902640414404113 0.03874833072954372 -0.013976434766069098
-0.03665580487255577 -0.2097201934879932 -0.025990675708730766 -0.6642446533943659 -0.2013480911888374 -0.2948723228717197 -0.33458621361159147 0.10839666482268578 0.10631743586045261 -0.021821907814603154 -0.20255402494700397 -0.4551506155342292 0.03779899088888513 -0.013792510166151222
-0.03568299515852495 -0.21233627149790646 -0.025925389216770303 -0.6603315850208191 -0.17707924849949558 -0.24894441084948338 -0.35074983868015486 0.12920042327032996 0.04264864428708799 -0.023279335031006713 -0.22533931723942627 -0.4786871615039834 0.03754990617474232 -0.013837947665399758
-0.004925705427165664 -0.21547218085648126 -0.02662109070727522 -0.6874321395913503 -0.13325864047158784 -0.2672005731140326 -0.33285761166050576 0.09731708505080537 0.035621412614048324 -0.02275491156883749 -0.20943006704311967 -0.4725889818687498 0.040834084719011524 -0.014199971693371533
0.04334882570961206 -0.22055631912118337 -0.026637398110561147 -0.6775911491145354 -0.17022094044186975 -0.2789664057816135 -0.33440878546749425 0.11264419633416228 0.036466804448721586 -0.02317457172395462 -0.1854812416642629 -0.4626698204611761 0.08823554004766798 -0.014214263256588552
0.043044256785370036 -0.20962402180872547 -0.025942340947730617 -0.6581045377958764 -0.176821798788702 -0.27724607989569705 -0.3457541819084249 0.12516972894205788 0.05033835644510793 -0.023190982402061678 -0.2223534778291441 -0.4722606596647869 0.036921289546275424 -0.013396560614548452
0.07080272935279384 -0.21657069200514203 -0.026526942160242102 -0.6328914608918416 -0.18608454791684328 -0.2554253236078446 -0.3568988988351938 0.12455291789348218 0.044788322492455006 -0.025106658096266984 -0.20278543885231215 -0.5084451496780076 0.03984037189541435 -0.014388290532653834
-0.01849435013205246 -0.20390180703150604 -0.02571187270969805 -0.6526986463233987 -0.16010485695645305 -0.2807576663578995 -0.3352802100279251 0.23712091083620399 0.06179685463337387 -0.026307518122188123 -0.20427478005895638 -0.45886972063561415 0.03636171364995815 -0.013604907337845758
0.08718068953593504 -0.20826386000635283 -0.04020941345415326 -0.6469617930862803 -0.16329994340721832 -0.2799471175491729 -0.33166643869533596 0.11195155003593016 0.08118057903231289 -0.022478219625517132 -0.2046632083965182 -0.5003791282333663 0.04159035671064986 -0.013589764779107207
0.13146841333086143 -0.21533706974441033 -0.026011798200987007 -0.6518405425860524 -0.1822901396450133 -0.22797570964026678 -0.34004438390828273 0.11792952029695145 0.02467028193888196 -0.021847621723801194 -0.20265915029616663 -0.502259819655902 0.037554644449429825 -0.014183503009398761
-0.02164998655153651 -0.21558659274298814 -0.0262813127006728 -0.6783260247513963 -0.16228499447088493 -0.26920179015385043 -0.34299152807586714 0.10051802172595604 0.09418419342446814 -0.022414848572846435 -0.20225358474824637 -0.462222036560616 0.0395453463583948 -0.01382265573569595
0.0400884339395081 -0.21214551336991672 -0.0262490670566625 -0.6498285212837323 -0.16946588893820033 -0.26565887998195614 -0.35552956148623827 0.09688671077658656 0.050337275021651015 -0.021790527933651 -0.1999892980040488 -0.5005451703987169 0.039946028982973995 -0.013925001335245872
0.0336667254721307 -0.2006716835744339 -0.023573391675002643 -0.7463514705811414 -0.1479271791305858 -0.24281243258885707 -0.3033133361528037 0.09333027129213053 0.0670146367690806 -0.019998344739395862 -0.17899910067324387 -0.42557390622033264 0.0353421857244212 -0.01255246103297409
0.05240008795530787 -0.20399725333500407 -0.02526623306749743 -0.6397038569583274 -0.1629926742591375 -0.23787484186732036 -0.430164514650496 0.14006105277493217 0.05323219240921732 -0.030843728492385415 -0.19987393511595755 -0.46134512366203634 0.03523898756313102 -0.0124331268330129
-0.0030629391451814036 -0.21394468784783577 -0.026503153278046133 -0.6932723091648824 -0.11361400977072501 -0.2750961846428605 -0.32696895638968787 0.08866515185199413 0.0439427742000385 -0.022676977765231823 -0.21064257329186212 -0.4700695854724118 0.03942934888391802 -0.014054194842274138
0.08327860489924067 -0.21512755897808444 -0.0264718229746449 -0.6180540200377205 -0.1627379556774192 -0.27364804018664457 -0.3511406288580294 0.12422729915671361 0.12515039843476225 -0.022584365943541136 -0.19972980741927748 -0.5159975751608386 0.03846761285584906 -0.014010582973319701
0.08128504189104258 -0.20740845997818785 -0.02614700829212299 -0.6521078211286458 -0.16823034450213545 -0.25857255731516215 -0.34613163367799854 0.12568770996084866 0.0863771209413565 -0.021710597085863394 -0.21866469148682943 -0.48442171202766376 0.03681570291589735 0.043750158661195485
0.08713933662727724 -0.2296753230539876 -0.025904311358582562 -0.644734713386003 -0.17193163071632672 -0.2571077563219607 -0.3379895117522551 0.11145628858770217 0.05584232842026988 -0.02171258710498084 -0.19736048327386896 -0.5080707636150882 -0.010345427220813525 -0.013925104425682353
0.07172807728917087 -0.21227654890367645 -0.026226953551259192 -0.622101029082577 -0.16331365029851952 -0.2740514718398792 -0.35603970462218626 0.12010107286104957 0.10754605018507278 -0.022663650616854474 -0.19902208865708237 -0.5155629368294774 0.03802158800126254 -0.013847055463479738
0.026793690868452333 -0.20731308306709378 -0.025831655261770604 -0.6735275996572162 -0.16460288986627894 -0.29174425713396046 -0.33984108708987953 0.10397120011271072 0.06120886664758504 -0.022412797929887762 -0.20363558909634932 -0.4648707099990177 0.03838921422549721 -0.01382255972010306
0.025758823631534426 -0.21156818887596923 -0.026468753749243772 -0.6477442145799106 -0.13835978198892684 -0.312539688017649 -0.3456619525315183 0.1170020140336902 0.14699752697177834 -0.023825972539092518 -0.19484788312796397 -0.47169613059809995 0.03993570174132539 -0.00850482701478782
0.04556166716727927 -0.2019612245277117 -0.025126233002761116 -0.6448340434182196 -0.150357290656455 -0.25307404674728684 -0.4383795693633507 0.09846085779479101 0.12638297836587764 -0.021738152697062273 -0.18619238675271488 -0.4466789918820927 0.03679810456981648 -0.013398511708718816
0.07206817599858517 -0.20933950528487932 -0.026101425297172725 -0.6412155388980346 -0.16523665002728674 -0.12553012815152378 -0.3490535755334413 0.10959769556977568 0.07450590269743884 -0.02219821902945996 -0.3135468040769785 -0.4923430884143781 0.03745295571814244 -0.1186319996563087
0.03536145827499843 -0.21358319253359304 -0.02503221955142441 -0.6250184533777434 -0.15436918124136345 -0.25514848229465437 -0.35951419089272585 0.11421981200910528 0.10652351055861464 -0.02392317576906566 -0.3285621860185442 -0.45753008576639786 0.03607876426551446 -0.011034205008896398
0.07083569422651728 -0.2100778065826493 -0.025766520730437503 -0.6322903873540544 -0.1748107293330433 -0.29694318457309893 -0.3675613947711105 0.12133454387525718 0.05685514534171674 -0.024118555475410697 -0.20137260441616406 -0.4857142634469678 0.03699243433166283 -0.013607044613126021
0.15419901929349683 -0.20629653326696748 -0.02543487683721817 -0.618461436106882 -0.1655016741951994 -0.2764962069587151 -0.34231422910709375 0.19021871739354962 0.07731958515597957 -0.022165454798965263 -0.19460401052390186 -0.49740895557018 0.03716025003228469 -0.013523075420848263
0.08482931277134313 -0.21251491701592573 -0.02649710026108329 -0.6496869797881103 -0.1637715037956313 -0.2898595384839109 -0.33783032288307935 0.11729612153656103 0.11880552778295453 -0.02266518851473122 -0.20255145389247378 -0.47809601143458375 0.04109991065161425 -0.014078726442475707
0.03336939461855322 -0.20867620101985546 -0.025916276104682338 -0.6674996882065409 -0.17647470772957474 -0.2749712699230521 -0.35328174252324457 0.12823222116986321 0.0877465988561503 -0.026638555210045687 -0.2056992471654205 -0.45696234335558217 0.03730574285914552 -0.013478330600559746
0.04776111763593159 -0.21190194957744682 -0.026891301506789745 -0.6797395796456429 -0.11825368461619573 -0.282496762261121 -0.3302516905170362 0.10089280986010608 0.05181980763619427 -0.02277488956476724 -0.20273180456320442 -0.48064544167652146 0.038555794947471675 -0.014238884144694722
0.010976314493327735 -0.2292081727395679 -0.02596757650925845 -0.6590492915466156 -0.15433132073525688 -0.26425724543453166 -0.36242384878591316 0.11449944239034612 0.13724408043816166 -0.024325983024935386 -0.1934509396372742 -0.46469017710501714 0.037541358195251354 -0.0037897447955927196
0.03795748956434102 -0.2301192978899919 -0.026400184926098816 -0.6946289369238999 -0.16610588531722884 -0.22051344729918582 -0.3393569532553945 0.10324549931172747 0.052972171517397006 -0.022633221771775 -0.20206298548617732 -0.4627128973497714 0.04361491114612131 -0.014305169904530944
0.04920434740839141 -0.20706355703270418 -0.025621421583839406 -0.6630592093614094 -0.1659538976271199 -0.2682832024387494 -0.3784024223443409 0.12464848430577542 0.07647863015336549 -0.023996797487356253 -0.2040767668290692 -0.45455403698881 0.036067573470358216 -0.012846639243546095
0.023677437786568105 -0.2271280511572744 -0.027824454011013917 -0.6816048487397478 -0.18337166226075713 -0.31131178118133973 -0.3135450992540753 0.1096801465958286 0.04639673996184702 -0.02637001681483229 -0.2171973462739876 -0.4354232328356835 0.04215478369679505 -0.014807492318030507
0.1555107986219279 -0.21532857871445002 -0.02637365691568175 -0.6407231871917854 -0.17463149761862487 -0.2876585799491435 -0.3478942264193173 0.11431634212635675 0.06532505648241814 0.11488829111339958 -0.20560048635604736 -0.4576662083265099 0.03862050037965479 -0.01406560207674131
0.15650650299361002 -0.21670728430321962 -0.026542522137395594 -0.644825608915411 -0.1757496279809735 -0.289500399990873 -0.350121723192521 0.11504828667695126 0.06574331968276385 -0.02285371036114634 -0.20691690492568243 -0.4605965530256569 0.03886777967733277 -0.014155661298366177
-0.026906639971963214 -0.20622502950280425 -0.02530697354406031 -0.6544020340236276 -0.16640538930104196 -0.3023399163261672 -0.324048905005777 0.11502275927551849 0.0789667530135205 -0.021617491488179534 -0.21092674412260629 -0.4718464640349236 0.04004626515952558 -0.12284442977617237
0.06737938394421977 -0.20493399662895345 -0.02548420916395434 -0.632413548221664 -0.14600788679627796 -0.34744802668006886 -0.34732463499522626 0.1137262604320483 0.08262104063374752 -0.021742102399857324 -0.19699028240145766 -0.47916656213236913 0.03699712676129049 -0.013628196132312784
0.0155747110350667 -0.22429326499522068 -0.02679143939378955 -0.6633420067260094 -0.13769258091490555 -0.2760199041533522 -0.34308515861472405 0.11023866313219133 0.09730471176453467 -0.024104540965738806 -0.20511297837921072 -0.4795325148298517 0.03985575574806844 -0.0065462608831996835
0.06821160487905652 -0.22397645692917761 -0.027537822507867387 -0.6409815138027506 -0.18158033539887586 -0.2600452712143474 -0.36398182395832823 0.12081595839343949 0.053081649675165175 -0.02725880292271197 -0.21043037881723684 -0.4858853025463447 0.041820639971860425 -0.01472156175396916
0.050198133036755375 -0.185484129219871 -0.025964753876960425 -0.6584705153674634 -0.14938637813991804 -0.3330248715224529 -0.34609288693928836 0.08732664134751934 0.051355430649772854 -0.026965222695416968 -0.19875100554667957 -0.47296153929541795 0.03722913274512698 -0.015653172648686414
0.024643626284543085 -0.19067720711136954 -0.023758789399625422 -0.7333531620526126 -0.15139430111125599 -0.26833318630007225 -0.31257047741178207 0.09562801230008694 0.05629715004063001 -0.02061427889449405 -0.1872948143113767 -0.4275670755511605 0.03530866476646278 -0.012713365908056934
-0.030882185958070338 -0.2141712234840711 -0.02615117744220202 -0.6687533080900819 -0.17573640514159505 -0.3072550884535233 -0.3460786680105512 0.12356578132088347 0.0603300026637559 -0.021774783696309804 -0.21346033787354085 -0.44007260111932056 0.037321698273680357 -0.014078939278322378
0.07621434777000188 -0.2197633826395267 -0.026984271479018093 -0.6330410497183581 -0.18413388333501862 -0.27045279284020746 -0.3566785645107746 0.12239519835610473 0.0926471678723061 -0.02421429713370589 -0.20617350849549967 -0.4916397957314513 0.039788956832613534 -0.014350221649141301
0.037444377151529554 -0.2270085266158626 -0.02604330509180057 -0.6852388867934897 -0.16386045252977235 -0.21753252868998055 -0.3347694985241204 0.10184981830458485 0.0522560894200001 0.16538418881806044 -0.19933148171148873 -0.456457906992844 0.043025321250962166 -0.014111791461181848
0.0485315222077036 -0.19763658818774693 -0.0248507922466726 -0.6336586989695088 -0.15197143868418242 -0.39824921813913866 -0.34151959657608716 0.11435538853435889 0.048963768644530226 -0.025910504420390695 -0.1921417710121668 -0.45126019032175113 0.0353405553158125 -0.012689948149636827
0.010978957539429474 -0.22926336501451722 -0.02597382938237958 -0.6592079875881635 -0.15436848300824874 -0.2643208773651607 -0.3625111187836244 0.1145270133300313 0.13727712818219354 -0.02433184060988743 -0.1934975217347712 -0.4648020723647476 -0.030469387829834504 -0.0037906573487283524
0.026920130884307773 -0.22834325147484125 -0.02689652517446234 -0.6659676882972287 -0.16737136924525725 -0.27378059857827103 -0.36137714672586546 0.11530526845912568 0.10036012533205103 -0.02275956537313678 -0.2045237240735505 -0.44950498873213884 0.03901052575666138 -0.006624222908558032
0.1089317085637268 -0.15931345599351607 -0.024117559680120984 -0.5974416874998112 -0.149446590451482 -0.3346428136879176 -0.32546734143885786 0.106438422318394 0.12346276142133868 -0.020562096609463763 -0.3485971392504521 -0.4637028813694871 0.03582541822523215 -0.012923357615608304
0.07284915237571919 -0.22408362426304052 -0.02637849041771706 -0.6359886488417479 -0.16654486619538228 -0.27765001795745353 -0.3427144784705252 0.11288732089486073 0.08414743850759164 -0.022404847756578035 -0.20132462538766516 -0.5044520454703723 0.038673204832580195 -0.01402860912284595
